=====================================
POMDP
=====================================
sensitivity = 0.85
    CI = 0.03770261937901653
specificity = 0.32596153846153847
    CI = 0.020622553593512283
precision = 0.2918283326321737
    CI = 0.007966417367493817
F1 score = 0.4343512130004821
    CI = 0.013097898251105966
Prediction time = -341.7255510180227
    CI = 0.6798814017494692
=====================================
sensitivity: {0: 0.9117647058823529, 1: 0.8529411764705882, 2: 0.8235294117647058, 3: 0.8823529411764706, 4: 0.8823529411764706, 5: 0.8823529411764706, 6: 0.7941176470588235, 7: 0.8529411764705882, 8: 0.8823529411764706, 9: 0.7352941176470589}
specificity: {0: 0.33653846153846156, 1: 0.33653846153846156, 2: 0.27884615384615385, 3: 0.28846153846153844, 4: 0.3269230769230769, 5: 0.3076923076923077, 6: 0.3557692307692308, 7: 0.3269230769230769, 8: 0.3269230769230769, 9: 0.375}
precision: {0: 0.31, 1: 0.29591836734693877, 2: 0.27184466019417475, 3: 0.28846153846153844, 4: 0.3, 5: 0.29411764705882354, 6: 0.2872340425531915, 7: 0.29292929292929293, 8: 0.3, 9: 0.2777777777777778}
F1: {0: 0.4626865671641791, 1: 0.4393939393939394, 2: 0.40875912408759124, 3: 0.43478260869565216, 4: 0.44776119402985076, 5: 0.4411764705882353, 6: 0.421875, 7: 0.43609022556390975, 8: 0.44776119402985076, 9: 0.4032258064516129}
Time: {0: -342.3, 1: -341.09183673469386, 2: -340.0485436893204, 3: -343.08653846153845, 4: -341.43, 5: -341.1862745098039, 6: -341.29787234042556, 7: -341.6666666666667, 8: -341.97, 9: -343.1777777777778}
