=====================================
POMDP
=====================================
sensitivity = 0.8509615384615385
    CI = 0.026787643206847678
specificity = 0.32211538461538464
    CI = 0.026787643206847733
precision = 0.5566725815268228
    CI = 0.01088768657110073
F1 score = 0.6728405398840299
    CI = 0.014223340628023773
Prediction time = -343.28739172887464
    CI = 0.8961931713589593
=====================================
sensitivity: {0: 0.8653846153846154, 1: 0.7980769230769231, 2: 0.875, 3: 0.8942307692307693, 4: 0.8846153846153846, 5: 0.875, 6: 0.875, 7: 0.8076923076923077, 8: 0.7980769230769231, 9: 0.8365384615384616}
specificity: {0: 0.3269230769230769, 1: 0.375, 2: 0.3557692307692308, 3: 0.25, 4: 0.3557692307692308, 5: 0.3269230769230769, 6: 0.28846153846153844, 7: 0.3269230769230769, 8: 0.28846153846153844, 9: 0.3269230769230769}
precision: {0: 0.5625, 1: 0.5608108108108109, 2: 0.5759493670886076, 3: 0.543859649122807, 4: 0.5786163522012578, 5: 0.5652173913043478, 6: 0.5515151515151515, 7: 0.5454545454545454, 8: 0.5286624203821656, 9: 0.554140127388535}
F1: {0: 0.6818181818181818, 1: 0.6587301587301587, 2: 0.6946564885496184, 3: 0.6763636363636364, 4: 0.6996197718631179, 5: 0.6867924528301886, 6: 0.6765799256505576, 7: 0.6511627906976745, 8: 0.6360153256704981, 9: 0.6666666666666666}
Time: {0: -342.8625, 1: -343.3310810810811, 2: -341.8607594936709, 3: -345.37426900584796, 4: -341.7672955974843, 5: -344.8944099378882, 6: -343.07878787878786, 7: -344.55194805194805, 8: -342.63057324840764, 9: -342.5222929936306}
