=====================================
BENCHMARK
=====================================
sensitivity = 0.9294117647058824
    CI = 0.024696388301627348
specificity = 0.18557692307692308
    CI = 0.018640987269081033
precision = 0.2717809438745286
    CI = 0.007072492533963803
F1 score = 0.42053220252744056
    CI = 0.010486495576040145
Prediction time = -346.06033994333933
    CI = 0.6900386758797481
=====================================
sensitivity: {0: 0.9705882352941176, 1: 0.9411764705882353, 2: 0.8823529411764706, 3: 0.9705882352941176, 4: 0.9411764705882353, 5: 0.8823529411764706, 6: 0.8823529411764706, 7: 0.9411764705882353, 8: 0.9411764705882353, 9: 0.9411764705882353}
specificity: {0: 0.19230769230769232, 1: 0.17307692307692307, 2: 0.16346153846153846, 3: 0.16346153846153846, 4: 0.21153846153846154, 5: 0.18269230769230768, 6: 0.20192307692307693, 7: 0.16346153846153846, 8: 0.16346153846153846, 9: 0.2403846153846154}
precision: {0: 0.28205128205128205, 1: 0.2711864406779661, 2: 0.2564102564102564, 3: 0.275, 4: 0.2807017543859649, 5: 0.2608695652173913, 6: 0.26548672566371684, 7: 0.2689075630252101, 8: 0.2689075630252101, 9: 0.2882882882882883}
F1: {0: 0.4370860927152318, 1: 0.42105263157894735, 2: 0.3973509933774834, 3: 0.42857142857142855, 4: 0.43243243243243246, 5: 0.40268456375838924, 6: 0.40816326530612246, 7: 0.41830065359477125, 8: 0.41830065359477125, 9: 0.4413793103448276}
Time: {0: -347.2649572649573, 1: -344.5169491525424, 2: -346.0, 3: -347.40833333333336, 4: -345.60526315789474, 5: -346.5652173913044, 6: -346.78761061946904, 7: -344.9495798319328, 8: -345.3613445378151, 9: -346.14414414414415}
