=====================================
BENCHMARK
=====================================
sensitivity = 0.9269230769230768
    CI = 0.02004079102196732
specificity = 0.19423076923076923
    CI = 0.017700735396492473
precision = 0.5349556835202507
    CI = 0.005957155301527628
F1 score = 0.6782992602519762
    CI = 0.008950294651278279
Prediction time = -348.5144558391604
    CI = 0.5875660072927644
=====================================
sensitivity: {0: 0.9230769230769231, 1: 0.8942307692307693, 2: 0.9423076923076923, 3: 0.9326923076923077, 4: 0.9519230769230769, 5: 0.9711538461538461, 6: 0.9519230769230769, 7: 0.8846153846153846, 8: 0.9134615384615384, 9: 0.9038461538461539}
specificity: {0: 0.21153846153846154, 1: 0.23076923076923078, 2: 0.21153846153846154, 3: 0.16346153846153846, 4: 0.18269230769230768, 5: 0.19230769230769232, 6: 0.18269230769230768, 7: 0.22115384615384615, 8: 0.15384615384615385, 9: 0.19230769230769232}
precision: {0: 0.5393258426966292, 1: 0.5375722543352601, 2: 0.5444444444444444, 3: 0.5271739130434783, 4: 0.5380434782608695, 5: 0.5459459459459459, 6: 0.5380434782608695, 7: 0.5317919075144508, 8: 0.5191256830601093, 9: 0.5280898876404494}
F1: {0: 0.6808510638297872, 1: 0.6714801444043321, 2: 0.6901408450704225, 3: 0.6736111111111112, 4: 0.6875, 5: 0.698961937716263, 6: 0.6875, 7: 0.6642599277978339, 8: 0.662020905923345, 9: 0.6666666666666666}
Time: {0: -348.84831460674155, 1: -349.242774566474, 2: -348.1722222222222, 3: -349.69565217391306, 4: -347.5054347826087, 5: -349.4918918918919, 6: -347.95652173913044, 7: -348.83815028901734, 8: -347.3879781420765, 9: -348.0056179775281}
