=====================================
BENCHMARK
=====================================
sensitivity = 0.9
    CI = 0.028401712465939588
specificity = 0.47788461538461535
    CI = 0.029371252755400007
precision = 0.36110271531732696
    CI = 0.015344730010588226
F1 score = 0.5151539598323506
    CI = 0.018429667761247437
Prediction time = -343.38765552679655
    CI = 1.09404032320964
=====================================
sensitivity: {0: 0.9117647058823529, 1: 0.9411764705882353, 2: 0.9117647058823529, 3: 0.9411764705882353, 4: 0.8235294117647058, 5: 0.8823529411764706, 6: 0.9411764705882353, 7: 0.9117647058823529, 8: 0.8823529411764706, 9: 0.8529411764705882}
specificity: {0: 0.4423076923076923, 1: 0.47115384615384615, 2: 0.5192307692307693, 3: 0.40384615384615385, 4: 0.4519230769230769, 5: 0.5, 6: 0.5480769230769231, 7: 0.46153846153846156, 8: 0.49038461538461536, 9: 0.49038461538461536}
precision: {0: 0.34831460674157305, 1: 0.367816091954023, 2: 0.38271604938271603, 3: 0.3404255319148936, 4: 0.32941176470588235, 5: 0.36585365853658536, 6: 0.4050632911392405, 7: 0.3563218390804598, 8: 0.3614457831325301, 9: 0.35365853658536583}
F1: {0: 0.5040650406504065, 1: 0.5289256198347108, 2: 0.5391304347826087, 3: 0.5, 4: 0.47058823529411764, 5: 0.5172413793103449, 6: 0.5663716814159292, 7: 0.512396694214876, 8: 0.5128205128205128, 9: 0.5}
Time: {0: -343.3258426966292, 1: -343.2298850574713, 2: -343.1111111111111, 3: -341.24468085106383, 4: -342.9764705882353, 5: -343.5731707317073, 6: -343.88607594936707, 7: -346.97701149425285, 8: -341.71084337349396, 9: -343.8414634146341}
