=====================================
BENCHMARK
=====================================
sensitivity = 0.901923076923077
    CI = 0.015139496250220152
specificity = 0.45
    CI = 0.03303557381201527
precision = 0.6217143218340127
    CI = 0.013317528528368983
F1 score = 0.735809968505695
    CI = 0.010416502916556047
Prediction time = -345.8983715309301
    CI = 0.7511400607229461
=====================================
sensitivity: {0: 0.9230769230769231, 1: 0.9230769230769231, 2: 0.8653846153846154, 3: 0.9134615384615384, 4: 0.9038461538461539, 5: 0.9326923076923077, 6: 0.8846153846153846, 7: 0.8942307692307693, 8: 0.8846153846153846, 9: 0.8942307692307693}
specificity: {0: 0.40384615384615385, 1: 0.49038461538461536, 2: 0.4807692307692308, 3: 0.375, 4: 0.5, 5: 0.4230769230769231, 6: 0.41346153846153844, 7: 0.5096153846153846, 8: 0.47115384615384615, 9: 0.4326923076923077}
precision: {0: 0.6075949367088608, 1: 0.6442953020134228, 2: 0.625, 3: 0.59375, 4: 0.6438356164383562, 5: 0.6178343949044586, 6: 0.6013071895424836, 7: 0.6458333333333334, 8: 0.6258503401360545, 9: 0.6118421052631579}
F1: {0: 0.732824427480916, 1: 0.758893280632411, 2: 0.7258064516129032, 3: 0.7196969696969697, 4: 0.752, 5: 0.7432950191570882, 6: 0.7159533073929961, 7: 0.75, 8: 0.7330677290836654, 9: 0.7265625}
Time: {0: -345.74050632911394, 1: -345.5570469798658, 2: -347.40277777777777, 3: -347.30625, 4: -344.0821917808219, 5: -346.96815286624206, 6: -345.6143790849673, 7: -345.9375, 8: -345.19727891156464, 9: -345.17763157894734}
