=====================================
POMDP
=====================================
sensitivity = 0.8884615384615383
    CI = 0.015618063001282101
specificity = 0.5615384615384615
    CI = 0.045879134296834434
precision = 0.6710305759379441
    CI = 0.023215059120351822
F1 score = 0.764036104384265
    CI = 0.014920436595635578
Prediction time = -344.1431155236413
    CI = 0.6780561250940309
=====================================
sensitivity: {0: 0.8942307692307693, 1: 0.875, 2: 0.8942307692307693, 3: 0.9230769230769231, 4: 0.8846153846153846, 5: 0.9038461538461539, 6: 0.8942307692307693, 7: 0.8461538461538461, 8: 0.8653846153846154, 9: 0.9038461538461539}
specificity: {0: 0.5384615384615384, 1: 0.6923076923076923, 2: 0.6057692307692307, 3: 0.47115384615384615, 4: 0.625, 5: 0.5384615384615384, 6: 0.5673076923076923, 7: 0.5480769230769231, 8: 0.5096153846153846, 9: 0.5192307692307693}
precision: {0: 0.6595744680851063, 1: 0.7398373983739838, 2: 0.6940298507462687, 3: 0.6357615894039735, 4: 0.7022900763358778, 5: 0.6619718309859155, 6: 0.6739130434782609, 7: 0.6518518518518519, 8: 0.6382978723404256, 9: 0.6527777777777778}
F1: {0: 0.7591836734693878, 1: 0.801762114537445, 2: 0.7815126050420168, 3: 0.7529411764705882, 4: 0.7829787234042553, 5: 0.7642276422764228, 6: 0.768595041322314, 7: 0.7364016736401674, 8: 0.7346938775510204, 9: 0.7580645161290323}
Time: {0: -344.2269503546099, 1: -344.4959349593496, 2: -343.06716417910445, 3: -344.81456953642385, 4: -342.0534351145038, 5: -345.16901408450707, 6: -344.71014492753625, 7: -344.5111111111111, 8: -343.709219858156, 9: -344.6736111111111}
