=====================================
POMDP
=====================================
sensitivity = 0.9176470588235295
    CI = 0.025863783518671468
specificity = 0.5798076923076924
    CI = 0.04446515871329948
precision = 0.41925017619013805
    CI = 0.026376767463067108
F1 score = 0.5745943495392903
    CI = 0.02553011392043225
Prediction time = -342.15151560140305
    CI = 0.9332764578975343
=====================================
sensitivity: {0: 0.8823529411764706, 1: 0.9705882352941176, 2: 0.9117647058823529, 3: 0.9411764705882353, 4: 0.8529411764705882, 5: 0.9117647058823529, 6: 0.9411764705882353, 7: 0.9411764705882353, 8: 0.9411764705882353, 9: 0.8823529411764706}
specificity: {0: 0.5384615384615384, 1: 0.5961538461538461, 2: 0.5673076923076923, 3: 0.47115384615384615, 4: 0.5769230769230769, 5: 0.6923076923076923, 6: 0.6153846153846154, 7: 0.5288461538461539, 8: 0.5673076923076923, 9: 0.6442307692307693}
precision: {0: 0.38461538461538464, 1: 0.44, 2: 0.40789473684210525, 3: 0.367816091954023, 4: 0.3972602739726027, 5: 0.49206349206349204, 6: 0.4444444444444444, 7: 0.3950617283950617, 8: 0.4155844155844156, 9: 0.44776119402985076}
F1: {0: 0.5357142857142857, 1: 0.6055045871559633, 2: 0.5636363636363636, 3: 0.5289256198347108, 4: 0.5420560747663551, 5: 0.6391752577319587, 6: 0.6037735849056604, 7: 0.5565217391304348, 8: 0.5765765765765766, 9: 0.594059405940594}
Time: {0: -344.0128205128205, 1: -341.73333333333335, 2: -341.32894736842104, 3: -340.98850574712645, 4: -342.35616438356163, 5: -342.8095238095238, 6: -342.19444444444446, 7: -341.9753086419753, 8: -339.9220779220779, 9: -344.1940298507463}
